1.jpg 0.053471 0.091540 -0.039123 -0.071838 -0.024932 0.309505
8.jpg 0.040955 0.111176 -0.026827 -0.065091 0.008320 0.403022
7.jpg 0.051036 0.340250 -0.037989 0.051863 -0.007131 0.366430
10.jpg 0.014437 0.112438 0.017563 -0.117496 -0.087416 0.377427
5.jpg 0.151562 0.002377 -0.008417 -0.096574 -0.098186 0.303689
6.jpg 0.198023 0.360717 -0.053861 0.028102 -0.105389 0.346474
4.jpg 0.116238 -0.054375 0.061366 -0.203275 -0.091654 0.296301
9.jpg 0.033850 -0.082327 -0.043681 -0.262132 0.022594 0.398506
2.jpg 0.115090 0.152591 -0.093132 -0.012828 -0.042206 0.307062
3.jpg 0.055021 -0.151527 -0.076954 -0.198902 -0.039223 0.297209
